TP1: 54893.39199107695,1499.999999999999,9000.0
TP2: 49045.06080686517,-5500.000000000002,9000.000000000002
TP3: 30954.93919313192,-5499.999999999998,9000.000000000002
TP4: 25106.60800892015,1500.0000000000268,9000.0
kraan: 39999.99999999982,8000.0,9000.0
zwaartepunt: 39999.99999999855,-1999.9999999999932,9000.0